+01597, -00948, +18216, -01069, +00111, +03041;
+01284, -01096, +18526, -01172, +00341, -00279;
-00255, +01976, +19259, +00806, +00597, -00871;
+03625, -03710, +18473, +00537, +00371, -00368;
+00904, -01995, +17963, -00778, +00008, +00068;
+00978, -00152, +18657, -00306, -00674, +00105;
+01805, -01186, +18009, +00861, -01343, -00541;
+02188, -00966, +17220, +00983, -01450, -00580;
+02360, -01154, +17131, +00892, -01343, -00447;
+01513, -01527, +17657, +01093, -01048, -00406;
+01284, -01268, +17643, +01106, -00864, -00353;
+01119, -01184, +17693, +00708, -00754, -00154;
+01168, -01240, +17736, +00417, -00437, -00041;
+01035, -01490, +18187, +00213, +00027, +00121;
+00886, -01513, +18309, -00190, +00413, +00366;
+00806, -01170, +18255, -00384, +00809, +00544;
+00847, -01097, +18389, -00361, +01261, +00482;
+00873, -01333, +18343, -00458, +00839, +00462;
+00777, -01394, +18073, -00054, +00510, +00195;
+00628, -01664, +18142, +00542, -00006, -00114;
+00873, -01740, +17734, +00848, -00229, +00131;
+01218, -01879, +17777, +00500, -00275, +00863;
+00967, -01339, +18056, +00015, -00079, +01646;
+00930, -00830, +18453, -00189, +00225, +02064;
+00951, -00782, +18713, -00328, +00424, +02195;
+01041, -00956, +18771, -00398, +00405, +02186;
+00895, -01236, +18785, -00369, +00229, +01958;
+00726, -01532, +18680, -00282, +00129, +01644;
+00577, -01781, +18609, -00236, +00234, +01247;
+00293, -01976, +18742, -00106, +00288, +00792;
+00037, -02002, +18782, +00055, +00131, +00566;
+00023, -02092, +18722, -00162, -00120, +00995;
+00035, -01890, +18544, -00523, -00098, +01588;
-00215, -01244, +18833, -00790, +00110, +01996;
-00483, -01140, +19194, -00927, +00498, +02290;
-00728, -01333, +19485, -00906, +00760, +02380;
-01083, -01488, +19620, -00724, +00889, +02336;
-01333, -01634, +19508, -00649, +01039, +02172;
-01598, -01883, +19146, -00595, +01293, +02004;
-01969, -02020, +18823, -00451, +01296, +01569;
-02488, -01985, +18500, -00264, +01025, +00833;
-02789, -02310, +17981, -00173, +00580, +00183;
-02771, -02417, +17456, +00002, +00061, -00272;
-02857, -02374, +17312, +00190, -00627, -00421;
-02805, -02144, +17286, +00310, -01213, -00524;
-02566, -01787, +17460, +00378, -01654, -00660;
-02268, -01563, +17539, +00095, -02062, -00702;
-01871, -01465, +17621, -00502, -02088, -00640;
-01440, -01333, +17788, -01184, -01919, -00746;
-01300, -01186, +18103, -01436, -01518, -00963;
-01060, -01285, +18560, -01541, -00925, -01393;
-01117, -01261, +19152, -01866, -00407, -02015;
-01098, -01513, +19511, -02269, +00114, -02403;
-00918, -01841, +19547, -02529, +00027, -02858;
-00653, -02012, +19485, -02558, -00272, -03059;
-00117, -02067, +19492, -02766, -00992, -02825;
+00521, -01900, +19037, -02868, -01854, -02474;
+00976, -01788, +19079, -02609, -02616, -02275;
+01206, -01674, +18890, -02243, -03075, -02023;
+01286, -01549, +18934, -02390, -03088, -02189;
+01295, -01894, +19403, -01373, -03160, -02425;
+00550, -02177, +19967, -00713, -02831, -02918;
+00622, -02265, +20173, -00691, -02576, -03270;
+00145, -02359, +20424, -00259, -02621, -03412;
+00184, -02871, +20829, +00117, -03111, -03277;
+00519, -02619, +20600, +00509, -03743, -03005;
+00912, -02400, +20502, +00781, -03916, -02663;
+01195, -02326, +20732, +01105, -03829, -02446;
+01123, -02313, +21340, +01859, -04044, -02551;
+00917, -02335, +22005, +03163, -04173, -02605;
+01115, -02527, +22212, +04232, -03863, -02782;
+01265, -02361, +22461, +04514, -03018, -02956;
+01075, -02523, +22925, +04521, -01917, -02477;
+01024, -02828, +22972, +04016, -01047, -01505;
+01168, -02410, +23278, +03359, -00371, -00248;
+01808, -01874, +23465, +03189, -00475, +00777;
+02105, -01952, +23348, +03537, -00920, +01372;
+02684, -02203, +22975, +03945, -01698, +01516;
+02905, -02206, +22053, +04159, -02752, +01226;
+02840, -02640, +21486, +04660, -03580, +00759;
+02636, -03442, +21357, +05586, -04128, +00441;
+02188, -03864, +21502, +06500, -04109, +00240;
+02036, -03732, +21273, +07360, -03444, +00386;
+02205, -03389, +21196, +07541, -02029, +00999;
+02329, -02946, +21154, +07280, -00147, +02047;
+02710, -02663, +21429, +06347, +01963, +03176;
+02896, -02398, +21531, +05175, +04095, +04166;
+02975, -02246, +21202, +04092, +05646, +05114;
+03246, -02447, +20631, +03302, +06471, +06101;
+03755, -02525, +19694, +02698, +06059, +06603;
+04149, -02613, +18891, +03606, +04763, +06584;
+04139, -02853, +18217, +04140, +03014, +06411;
+04908, -02956, +17275, +05006, +01653, +06274;
+04848, -03185, +16670, +06051, +00591, +06412;
+04670, -03242, +16498, +07043, -00180, +06632;
+04500, -02796, +16630, +07164, -00611, +06582;
+04381, -02629, +17044, +06675, -00075, +06638;
+04322, -03090, +17391, +05905, +00847, +06911;
+04077, -03452, +17759, +05727, +01560, +07430;
+03532, -03251, +17963, +06519, +01619, +07761;
+03063, -02608, +17328, +06783, +01626, +08025;
+03134, -02182, +16334, +06481, +01301, +08287;
+03219, -02431, +15769, +06742, +00783, +08688;
+03487, -02912, +15334, +07311, +00321, +08996;
+03508, -02794, +14465, +07878, -00011, +09034;
+03498, -02677, +13853, +07836, +00275, +08848;
+03430, -03074, +13547, +07847, +00600, +08979;
+03088, -03572, +13248, +07932, +00995, +09083;
+02741, -03668, +13325, +07944, +01366, +09295;
+02447, -03309, +13289, +07597, +01719, +09337;
+02169, -02998, +13174, +06624, +02244, +09056;
+01930, -03040, +12899, +06384, +02359, +09056;
+01545, -04062, +13180, +05776, +02543, +08928;
+01218, -03871, +12664, +05072, +03005, +08872;
+01013, -03604, +12312, +04570, +03193, +08988;
+00488, -03837, +12347, +04263, +03815, +08718;
+00087, -04124, +13011, +04190, +04554, +08216;
-00388, -04281, +13219, +03928, +05103, +07902;
-00692, -04198, +12722, +03501, +05386, +07781;
-00730, -04007, +12464, +02857, +05519, +07751;
-00892, -03877, +12355, +02298, +05571, +07875;
-01022, -03577, +12310, +01707, +05684, +07881;
-01148, -03536, +12488, +01085, +05729, +07940;
-01379, -03365, +12419, +00651, +05797, +08016;
-01668, -03535, +12651, +00159, +06147, +07763;
-02060, -03920, +13029, -00312, +06731, +07151;
-02524, -04074, +13152, -00324, +07452, +06235;
-02914, -04502, +13297, -00746, +07965, +05527;
-03207, -04872, +13414, -01443, +08161, +04894;
-03420, -05069, +13799, -02397, +07892, +04397;
-03261, -05075, +13542, -03132, +06976, +04130;
-02738, -05011, +13215, -03671, +05634, +04350;
-02213, -04833, +13014, -03949, +04453, +04510;
-01958, -04428, +12992, -04073, +03766, +04085;
-02500, -04164, +12930, -04346, +03676, +03471;
-02843, -04454, +13153, -04498, +04095, +02682;
-03238, -05020, +13934, -04792, +04820, +01755;
-03685, -05271, +14483, -05772, +05462, +01227;
-03791, -05235, +14411, -06618, +05861, +01063;
-03456, -04995, +14278, -07170, +05570, +01160;
-03096, -04853, +14476, -07868, +05189, +01223;
-02644, -04078, +14303, -08482, +04628, +01160;
-02418, -03853, +14496, -08130, +03852, +01045;
-02564, -03850, +14599, -08365, +03272, +00463;
-02790, -03742, +14410, -09782, +02931, +00195;
-02912, -03066, +13276, -10920, +02811, -00051;
-02719, -03386, +13985, -11726, +02995, -00754;
-02910, -03787, +15199, -12514, +03305, -01546;
-02906, -03508, +15332, -12622, +03364, -02303;
-02899, -03480, +15717, -12172, +02901, -02955;
-02870, -03416, +16123, -11869, +03013, -03412;
-02697, -03153, +16148, -15495, +05863, -02646;
-02247, -02658, +16337, -13174, +05035, -03147;
-02506, -02224, +17238, -12425, +03518, -03219;
-03058, -01867, +18616, -11393, +01816, -03472;
-01342, -01056, +17467, -11304, +00982, -04197;
-00946, -00922, +16815, -11546, +00236, -04886;
-01603, -01140, +17357, -11157, -00770, -05330;
-02311, -01572, +19053, -10419, -01829, -05960;
-02458, -01588, +19649, -10209, -02317, -06792;
-02422, -00744, +19651, -10088, -01886, -07746;
-02367, -00987, +20216, -10113, -01227, -08392;
-02473, -01331, +21320, -09892, -00824, -07901;
-02381, -00625, +22399, -10644, -00225, -07884;
-02530, +00467, +22540, -09936, -00503, -07357;
-02096, +00660, +22632, -08822, -00326, -07632;
-01770, +00587, +22739, -08159, -00730, -07990;
-01403, +01230, +22603, -08207, -02137, -08229;
-00985, +01536, +22550, -08077, -02697, -08874;
-00855, +00945, +22472, -07524, -03007, -09647;
-01008, +00773, +22221, -07007, -02821, -10296;
-01092, +00775, +22696, -01563, -02872, -09408;
-01264, +00890, +23292, -02403, -01593, -10101;
-01273, +00836, +24125, -02678, -00180, -10000;
-00006, +03339, +25177, -02968, +00719, -09737;
-00052, +01775, +26167, -04028, +01087, -09056;
-00194, +01737, +25534, -03042, +00557, -09099;
-00120, +01655, +25844, -01138, -00027, -09488;
+00439, +01758, +25193, +00772, -00579, -09588;
+00818, +01285, +24463, +01835, -00955, -09862;
+00866, +00862, +24729, +02805, -01367, -10303;
+00859, +00759, +24752, +03051, -01643, -10711;
+00905, +00347, +24336, +03027, -01756, -11013;
+00933, +00041, +24277, +03332, -01783, -11198;
+00981, -00534, +24520, +03699, -01533, -11311;
+01252, -00728, +24170, +04143, -01283, -10849;
+01566, -00393, +23860, +03916, -00683, -10597;
+01784, -00377, +23887, +03545, -00236, -10158;
+01925, -00389, +24039, +02387, +00012, -09365;
+01820, -00294, +23588, +01517, +00113, -08516;
+01953, -00322, +23037, +01053, -00088, -07989;
+02135, -00249, +22488, +01551, -00754, -07593;
Received a total of 8 frames
+03246, +04144, +11270, +02454, +03144, +06540;
+01440, +00722, +13658, +02267, +03553, +05774;
+00987, -01385, +14682, +01452, +03542, +04804;
+01150, -02240, +15321, +00220, +03233, +03786;
+00968, -02705, +15706, -00796, +02984, +03183;
+00477, -03035, +15747, -01590, +02481, +02582;
-00084, -03216, +14925, -02485, +01571, +01679;
-00839, -02729, +14368, -03272, +00692, +00577;
-00615, -02913, +14807, -03797, +00042, -00469;
-00049, -03416, +15694, -04158, -00531, -01247;
+00012, -03273, +15825, -04295, -00952, -01775;
-00078, -02684, +15871, -03495, -01096, -02125;
-00046, -02056, +16454, -03064, -01009, -02236;
-00036, -01383, +17351, -02991, -00196, -01901;
+00088, -00622, +18105, -02134, +00902, -01315;
-00148, -00369, +19396, -01648, +01927, -00777;
-00591, -00292, +19804, -01040, +02651, +00202;
-00780, +00390, +19948, -00382, +03160, +00740;
-00677, +00497, +19992, +00534, +03502, +00963;
-00658, +00442, +19598, +01665, +03503, +00766;
-00404, +00159, +19392, +02244, +02287, +00197;
-00348, -00213, +19115, +02271, +01291, -00592;
-00091, -00938, +17989, +02361, +01208, -01283;
+00375, -01703, +17951, +02159, +01281, -01876;
+00860, -01286, +18198, +01163, -01587, +00066;
+00332, -01578, +18622, +01277, -01608, +00141;
+00124, -01425, +18568, +01197, -01737, -00130;
+00028, -01633, +18369, +01087, -01968, -00479;
-00023, -01774, +18263, +00877, -02083, -00739;
-00144, -01930, +18176, +00534, -02166, -00952;
-00490, -01863, +18452, +00114, -02142, -00864;
-00618, -01758, +18952, -00368, -01976, -00690;
-00744, -02153, +19221, -00736, -01770, -00450;
-00829, -01975, +19305, -00809, -01591, -00170;
-00871, -01653, +19465, -00732, -01349, +00077;
-00891, -01765, +19517, -00596, -01120, +00266;
-01007, -01733, +19436, -01086, -00738, +00326;
-01173, -01714, +19376, -01640, -00476, +00532;
-01403, -01978, +19588, -01951, -00254, +00675;
-01603, -02288, +19758, -02297, -00257, +00661;
-01928, -02491, +20063, -02800, -00257, +00667;
-02080, -02543, +20172, -03158, -00337, +00611;
-02448, -02841, +20410, -03396, -00433, +00375;
-02760, -02814, +20705, -04102, -00377, +00204;
-02891, -03053, +20956, -04560, -00518, -00152;
-02985, -03457, +21208, -04705, -00482, -00345;
-02792, -03138, +21504, -05051, -00244, -00537;
-02748, -02923, +21699, -04949, +00041, -00480;
-02307, -03044, +22100, -04410, +00290, -00401;
-01906, -02485, +22276, -03500, +00476, -00526;
-01385, -02361, +22755, -02065, +00726, -00857;
-00938, -02019, +22983, -00708, +00798, -01103;
-00579, -01676, +23049, +00094, +00608, -01133;
-00183, -01512, +23156, +00906, +00212, -01167;
+00165, -01681, +23261, +01689, -00495, -01104;
+00713, -01584, +22772, +01831, -01026, -00871;
+01308, -01217, +22313, +02102, -01520, -00500;
+01665, -01085, +22256, +02497, -01891, -00245;
+01843, -01238, +22331, +03041, -02308, -00174;
+02111, -01161, +22538, +03757, -02646, -00115;
+02365, -01514, +22651, +04409, -02667, +00099;
+02500, -01591, +22659, +04889, -02640, +00293;
+02484, -01418, +22769, +05508, -02464, +00689;
+02550, -01372, +22839, +05913, -02054, +00777;
+02790, -01453, +22563, +05872, -01629, +00863;
+02778, -00943, +21874, +05621, -01361, +01156;
+03090, -01239, +21320, +06027, -01413, +01460;
+03198, -01363, +21198, +06349, -01754, +01747;
+03593, -00982, +20502, +06452, -01804, +02112;
+04079, -00995, +19658, +06754, -01440, +02481;
+04267, -01138, +19896, +06966, -00777, +02881;
+04328, -01345, +20301, +07046, -00901, +03094;
+04322, -01190, +19906, +07235, -01433, +03485;
+04839, -01225, +19442, +07377, -02117, +03628;
+04826, -01311, +18794, +07683, -02615, +03956;
+05007, -01219, +17978, +08677, -03109, +04362;
+04689, -01400, +17855, +09662, -03849, +04761;
+04580, -01285, +17630, +09937, -04635, +05242;
+04670, -01150, +17381, +09854, -05223, +05924;
+04573, -01331, +16864, +10182, -05193, +06399;
+04287, -01566, +16977, +10436, -04595, +06988;
+03724, -01915, +17214, +10881, -03809, +07077;
+03125, -02268, +17374, +10771, -03295, +07392;
+03003, -01900, +16860, +10348, -02838, +07604;
+02943, -02188, +16217, +10111, -02443, +07883;
+02835, -02591, +16092, +10221, -02286, +08053;
+02565, -02854, +16034, +10468, -02286, +07990;
+02328, -02890, +15585, +10632, -02495, +08026;
+02316, -03004, +14881, +10368, -02594, +07918;
+02069, -03209, +14293, +10232, -02537, +07772;
+01820, -03269, +14211, +10302, -02340, +07617;
+01517, -03799, +14263, +10304, -01586, +07638;
+01370, -03759, +14077, +10106, -00598, +07761;
+01235, -03541, +13953, +09838, +00127, +08161;
+01039, -03371, +13520, +09689, +00548, +08697;
+00750, -03286, +13364, +09918, +01169, +09029;
+00389, -03233, +13417, +09724, +02139, +09230;
+00150, -03510, +13521, +09434, +02745, +09622;
-00196, -03455, +13209, +09072, +03112, +09792;
-00594, -03848, +13178, +08744, +03380, +09704;
-01032, -04179, +12885, +08536, +03596, +09338;
-01423, -04524, +12541, +08120, +03853, +08788;
-01708, -04876, +11997, +07689, +03850, +08483;
-01891, -05125, +11623, +07194, +03681, +08373;
-01996, -04945, +11524, +06756, +03827, +08516;
-02317, -04800, +11667, +06183, +04662, +08813;
-02789, -04669, +12098, +05321, +05853, +09064;
-03449, -04600, +12589, +04262, +07137, +09020;
-04041, -04835, +12682, +03244, +08086, +08613;
-04522, -05391, +12368, +02583, +08468, +07931;
-04612, -06088, +12105, +02218, +08444, +07245;
-04445, -06302, +11844, +01725, +07884, +06762;
-04067, -06382, +11340, +00952, +06657, +06873;
-03822, -06071, +10992, +00232, +05450, +07037;
-04035, -05603, +11173, -00129, +04765, +06742;
-04541, -05613, +11841, -00224, +04847, +06205;
-04961, -06236, +12382, +00230, +05778, +05756;
-05365, -06541, +12665, -00050, +07290, +05184;
-05652, -06657, +13062, -00927, +08955, +04847;
-05834, -06822, +13469, -02942, +10146, +04752;
-05935, -06784, +13120, -04579, +10355, +04837;
-05975, -06720, +12893, -05715, +09818, +05030;
-05948, -06697, +12995, -06361, +09067, +04673;
-05947, -06953, +12740, -06657, +08104, +04056;
-06042, -06822, +12345, -07093, +07391, +03214;
-06213, -06662, +12140, -07631, +07261, +02310;
-06416, -07171, +12944, -08429, +07774, +01334;
-06609, -07339, +13669, -09106, +08211, +00720;
-06608, -06851, +13922, -09324, +08296, +00497;
-06295, -06338, +14495, -09634, +08312, +00388;
-05955, -05620, +14958, -09780, +08293, +00153;
-05650, -05272, +15295, -09804, +08226, -00473;
-05744, -05499, +15727, -09917, +08217, -01570;
-05936, -05754, +15716, -10283, +07994, -02849;
-06077, -06212, +15599, -10381, +07560, -04313;
-06091, -06177, +15661, -10669, +06717, -05210;
-05503, -06041, +15642, -10980, +05915, -06082;
-04784, -05851, +15405, -11587, +05470, -06629;
-03847, -04845, +15427, -12058, +05358, -06470;
-02996, -03949, +15924, -12060, +05314, -06007;
-02335, -03278, +16965, -12257, +05404, -05627;
-01798, -02375, +17686, -12607, +05200, -05284;
-01555, -01731, +17766, -12205, +04893, -05251;
-01376, -01656, +18267, -11611, +04559, -05546;
-01276, -01768, +18572, -11720, +04163, -06020;
-01261, -01775, +18284, -11960, +04039, -06513;
-01022, -02038, +18196, -11638, +03777, -07230;
-01303, -02248, +18681, -11331, +03424, -07966;
-01094, -02253, +18904, -12063, +03661, -08025;
-00716, -02058, +18792, -10454, +02971, -08182;
-00452, -01345, +18840, -10589, +02960, -08023;
+00165, -00853, +19617, -10637, +02975, -07497;
+00400, -00239, +19804, -10462, +02729, -07097;
+00865, +00072, +20285, -10800, +02159, -06781;
+01106, +00571, +20147, -09218, +01539, -06482;
+01260, +00593, +19940, -09476, +01237, -06827;
+01037, +00152, +20010, -09270, +01271, -07531;
+01210, -00084, +20853, -08637, +01283, -08106;
+00934, -00259, +21148, -08429, +00967, -08448;
+00957, -00346, +21469, -08095, +00246, -08612;
+01215, -00145, +21676, -07817, -00718, -08550;
+01693, +00398, +21497, -08290, -01507, -08082;
+02056, +00863, +21081, -03691, -02361, -07189;
+02247, +01048, +21197, -03155, -02593, -08728;
+01854, +00710, +21127, -04010, -02333, -07935;
+02845, +02110, +22017, -05260, -02093, -08151;
+01712, +00386, +23086, -05296, -02036, -07997;
+01324, +00380, +23215, -04630, -02374, -07987;
Received a total of 7 frames
+04526, +00405, +19483, +05470, +00817, -07737;
+04761, +00294, +19284, +05563, +00826, -07186;
+05280, +00375, +18804, +05283, +01311, -06303;
+05659, +00453, +18539, +05077, +01890, -05642;
+05698, +00274, +18425, +04851, +02776, -05062;
+05560, +00292, +18398, +04474, +03746, -04120;
+05842, +00259, +17966, +04377, +04215, -03203;
+06008, +00249, +17792, +03999, +04465, -02133;
+06266, +00449, +17581, +03554, +04567, -01022;
+06550, +00634, +17154, +02966, +04721, +00020;
+06644, +00202, +16915, +02427, +04810, +00923;
+06542, +00299, +16703, +02093, +04761, +01602;
+06151, +00361, +16752, +02330, +04403, +02012;
+05868, +00001, +16786, +02637, +03810, +02276;
+05694, -00339, +16788, +01981, +04509, +02704;
+06150, -00195, +16010, +01728, +04865, +03030;
+05469, -00733, +16000, +01468, +04559, +03161;
+04756, -00881, +16118, +01326, +04389, +03169;
+05357, -00625, +15116, +01715, +04132, +03397;
+05541, -01529, +15280, +01887, +03643, +03793;
+05359, -01120, +14888, +01816, +03058, +04175;
+05092, -00687, +14677, +01823, +02517, +04344;
+04632, -00637, +14694, +01669, +02246, +04226;
+04207, -00975, +14619, +01545, +01945, +04009;
+02069, -00847, +17973, +00421, -01663, -01842;
+01961, -00676, +18093, +00447, -01479, -01923;
+02144, -00725, +18075, +00405, -01472, -01804;
+02329, -01013, +17975, +00254, -01792, -01612;
+02168, -00824, +17890, +00234, -02271, -01411;
+01969, -00715, +17839, +00352, -02633, -01268;
+01447, -00866, +18167, +00496, -02498, -00846;
+00885, -00848, +18408, +00200, -02337, -00709;
+00091, -00230, +18940, +00073, -02069, -01246;
+00019, -00995, +19283, +00360, -01909, -01656;
+00246, -01819, +19291, -00167, -01585, -01712;
+00091, -01485, +19468, -00754, -01259, -01804;
-00056, -01621, +19709, -01211, -00865, -01779;
-00100, -01622, +19803, -01552, -00850, -01685;
-00023, -01418, +19795, -01751, -00794, -01412;
+00208, -01430, +19986, -01864, -00945, -00942;
+00178, -01356, +20441, -01857, -01200, -00402;
+00136, -01068, +21028, -01617, -01530, -00096;
-00074, -01382, +21805, -01404, -01775, -00118;
-00031, -01651, +22531, -01152, -01918, -00547;
-00103, -02038, +23216, -01103, -02055, -01086;
+00028, -02663, +23641, -00035, -02374, -01620;
+00287, -02840, +23914, +01401, -02863, -01903;
+00736, -02484, +23738, +02549, -03489, -01865;
+01031, -02352, +23739, +03383, -03850, -01545;
+01761, -01851, +23377, +04025, -04181, -01400;
+02149, -01546, +23296, +04571, -04600, -01303;
+02923, -01927, +22752, +05189, -04963, -01059;
+03582, -02317, +22672, +05752, -05063, -00757;
+03491, -02337, +23232, +06305, -05092, -00560;
+03314, -02366, +23453, +06605, -05029, -00444;
+03181, -02392, +23280, +06622, -04892, -00136;
+03097, -02443, +23182, +06851, -04735, +00283;
+02999, -02541, +23156, +07193, -04498, +00969;
+03100, -02401, +22625, +07899, -04142, +01511;
+03141, -02033, +22453, +08191, -03794, +01818;
+03528, -02201, +22016, +07911, -03348, +01864;
+03722, -02510, +21594, +07646, -03203, +01861;
+03612, -03380, +21157, +07620, -03392, +01979;
+03729, -03306, +20583, +07112, -03705, +02111;
+03758, -02862, +19646, +06643, -04252, +02464;
+03872, -02823, +19107, +07184, -04575, +02802;
+03754, -03359, +19861, +08056, -04256, +03424;
+03831, -03376, +20448, +08982, -04244, +04239;
+03790, -02915, +20700, +09314, -04544, +05167;
+04004, -02452, +20213, +09444, -05350, +06109;
+04046, -02594, +19305, +09833, -06072, +06991;
+04098, -03036, +18366, +10243, -06539, +07654;
+04215, -03209, +17742, +10299, -06382, +08042;
+04071, -03633, +17912, +10079, -05893, +08297;
+03493, -03830, +17996, +09864, -05425, +08134;
+02618, -04307, +17934, +09954, -05166, +07990;
+02397, -04904, +17990, +10171, -04851, +07756;
+02325, -04920, +17974, +10223, -04531, +07582;
+01988, -04601, +17700, +09928, -04541, +07709;
+02036, -04741, +16942, +09910, -04875, +07911;
+02165, -04681, +16199, +10088, -05269, +08283;
+02350, -04500, +15464, +10155, -05442, +08618;
+02429, -04270, +14801, +10425, -05483, +08954;
+02305, -04003, +14478, +10645, -05282, +09079;
+01950, -04314, +14380, +10679, -04970, +08989;
+01470, -04385, +14233, +10624, -04456, +08628;
+00962, -04893, +14072, +10252, -03350, +08151;
+00370, -05424, +13769, +10009, -02408, +07847;
+00085, -05666, +13691, +09941, -01546, +07767;
+00015, -05594, +13690, +09587, -00895, +07848;
+00017, -05250, +12934, +09386, -00343, +07950;
+00108, -05480, +12229, +09009, +00137, +08156;
+00231, -05313, +11512, +08685, +00686, +08220;
+00211, -05228, +10876, +08489, +01651, +08251;
+00012, -05158, +10817, +08218, +02816, +08048;
-00502, -05290, +10867, +07791, +03770, +07592;
-01096, -05458, +10851, +07584, +04510, +07183;
-01595, -05673, +10845, +07201, +05330, +06858;
-02002, -05609, +10617, +06852, +06164, +06322;
-02374, -05797, +10661, +06637, +06802, +05967;
-02691, -05950, +10977, +06685, +07387, +05691;
-02736, -05841, +11250, +06462, +08043, +05345;
-02842, -05814, +11166, +05809, +08818, +05176;
-02870, -05656, +10699, +05272, +09127, +05068;
-03038, -05844, +10436, +04787, +09302, +05060;
-03103, -06036, +10425, +04028, +09554, +04880;
-03279, -05889, +10238, +02910, +09644, +04995;
-03482, -05704, +10123, +01780, +09799, +05082;
-03817, -05577, +10522, +00962, +10081, +04659;
-04414, -05890, +11400, +00339, +10786, +03889;
-04805, -06455, +11624, -00216, +11738, +03038;
-05030, -06716, +12055, -01007, +12487, +02602;
-04939, -06934, +12173, -01599, +12837, +02526;
-04573, -06778, +12308, -02101, +12680, +02667;
-04085, -06755, +12476, -02923, +12485, +02935;
-03614, -06488, +12178, -03996, +12132, +03223;
-03330, -06305, +11738, -04444, +11675, +03341;
-03223, -06483, +11886, -04728, +11217, +03313;
-03006, -06771, +12099, -05373, +10587, +03531;
-02810, -06588, +12141, -06018, +09784, +03795;
-02757, -06407, +12438, -05981, +09084, +03824;
-03167, -06219, +13327, -05708, +09039, +03488;
-03399, -06626, +14070, -06030, +09427, +02961;
-03836, -06518, +14577, -06696, +09926, +02537;
-04253, -06441, +14782, -07274, +10341, +02034;
-04626, -06869, +15336, -07409, +10419, +01591;
-04627, -06910, +15549, -07703, +10208, +01202;
-04266, -06444, +15079, -08540, +09773, +00759;
-03869, -05891, +14746, -09796, +09282, +00608;
-03629, -05935, +14489, -10595, +08517, +00614;
-03590, -05880, +14720, -11085, +07789, +00338;
-03470, -05700, +14974, -11480, +07054, -00158;
-03511, -05509, +15125, -11896, +06295, -00555;
-03525, -05475, +15462, -11908, +06034, -01281;
-03525, -05940, +16421, -11807, +06238, -01940;
-03438, -05891, +17318, -11495, +06732, -02987;
-03826, -05587, +18324, -10878, +07232, -04275;
-03836, -05470, +18795, -10449, +07306, -05176;
-03646, -04897, +18730, -10276, +06733, -05596;
-02960, -04100, +18519, -10478, +05725, -05488;
-01979, -03794, +18363, -10777, +04382, -05211;
-01426, -03130, +18362, -10658, +03080, -05055;
-01143, -02532, +18392, -10196, +01985, -05128;
-00787, -02456, +18474, -09487, +01170, -05257;
-00724, -02430, +18734, -08844, +00662, -05684;
-00676, -02402, +19108, -08471, +01153, -06131;
-00693, -02096, +19347, -08479, +01849, -06490;
-00773, -02019, +19564, -07211, +01673, -06659;
-00724, -02153, +20083, -09335, +02940, -06757;
-00489, -02361, +20022, -09064, +02459, -06735;
-00570, -02208, +21138, -08510, +01360, -07251;
-00477, -01972, +20984, -07958, +00734, -07898;
-00069, -01816, +20685, -07723, +00493, -08415;
-00007, -01869, +20810, -07043, +00258, -08742;
+00056, -01533, +20592, -06991, +00174, -08453;
+00401, -01487, +20280, -04033, +00106, -08495;
+01229, -00753, +19906, -04672, +00219, -08012;
+01856, -00271, +20132, -09205, +01286, -07846;
+02550, -00487, +21174, -10689, +01505, -07451;
+01763, -01981, +22258, -11185, +01289, -07037;
+01885, -01816, +21443, -08680, +00192, -07540;
+02225, -00581, +20782, -06083, -01469, -07504;
+03109, -00186, +19981, -05081, -02992, -06941;
+03575, -00363, +19877, -05379, -03986, -06369;
+03437, -00399, +19967, -05416, -04699, -05795;
+03440, -00400, +20000, -05674, -05146, -05420;
+03332, -00367, +19818, -07577, -05475, -05706;
+02880, -00233, +19996, -01196, -06126, -06575;
+02368, -00954, +20473, -00809, -06911, -07766;
+01707, -01659, +20265, -03319, -06868, -07763;
+01960, -00681, +20731, -03137, -07131, -08274;
+00621, -02262, +22154, -02680, -07200, -09036;
+00728, -01899, +22168, -02425, -07395, -09040;
+01157, -01361, +22204, -02332, -07232, -08859;
+01510, -01228, +22723, -02494, -06616, -08622;
+01538, -01008, +23320, -03437, -05541, -08197;
+01400, -01074, +23877, -03376, -04598, -08133;
+01393, -01050, +24440, -02567, -04017, -08079;
+01333, -01182, +24687, -01406, -05199, -08005;
+01548, -00848, +24518, -00130, -05991, -07795;
+01881, -00842, +24106, -01178, -05589, -07531;
+02711, -00590, +22785, -01430, -04122, -07955;
+01313, -00766, +21813, +00804, -04045, -08780;
+00954, -01879, +23545, +02739, -04026, -09214;
+00522, -01482, +23353, +03383, -03887, -09425;
+01121, -01465, +23035, +03728, -03298, -09727;
+01287, -01816, +23216, +03775, -02623, -09867;
+01267, -01648, +23221, +03724, -02285, -09900;
+01338, -01465, +23145, +03842, -02208, -09806;
+01754, -01297, +22797, +04486, -02656, -09586;
+02223, -01128, +22293, +05737, -03063, -09502;
+02666, -00718, +21787, +06595, -03280, -09512;
Received a total of 8 frames
+03083, -03334, +14865, +00821, +05291, +02116;
+03086, -03306, +14433, +00518, +05398, +02466;
+02856, -03232, +14306, +00378, +05161, +02824;
+02520, -03179, +14156, +00189, +05721, +03432;
+02303, -03014, +14313, +00158, +04477, +03324;
+01845, -03049, +14293, +00660, +03979, +03260;
+01284, -02829, +14564, +00898, +03621, +03088;
+02150, -03543, +13868, +00921, +03596, +02870;
+00865, -03403, +14448, +00734, +03372, +02721;
+00781, -03663, +14441, +00406, +03328, +02526;
+00422, -03755, +14621, -00113, +03369, +02333;
+00147, -03916, +14733, -00798, +03150, +02268;
+00030, -04028, +14605, -01331, +02626, +02382;
+00052, -04017, +14705, -01619, +01949, +02549;
-00049, -04029, +14982, -01681, +01257, +02702;
-00222, -03940, +15090, -01401, +00709, +02668;
-00319, -03762, +15059, -01080, +00578, +02323;
-00567, -03813, +15113, -00898, +00731, +01796;
-00820, -04025, +15270, -00999, +00954, +01219;
-01074, -04333, +15567, -01236, +01003, +00636;
-01231, -04569, +15863, -01244, +00546, +00184;
-01170, -04662, +16150, -01292, -00040, -00039;
-00889, -04647, +16286, -01081, -00845, -00042;
-00476, -04306, +16311, -01242, -01485, +00030;
+01143, -02429, +20336, -05772, +00009, -06196;
+01328, -02741, +21152, -06445, +01125, -05929;
+01505, -02904, +22506, -06086, +02063, -05955;
+01278, -03412, +23819, -05317, +02309, -06039;
+01373, -03607, +24567, -04561, +01969, -05914;
+01666, -03739, +25178, -02982, +00974, -05876;
+02220, -04028, +25578, -01325, -00382, -05728;
+03130, -03881, +25565, -00356, -01565, -05136;
+03926, -04098, +25887, +00339, -02377, -04290;
+04294, -03980, +26496, +01615, -02892, -03788;
+04526, -03704, +26835, +02678, -02930, -03349;
+04708, -03805, +26972, +03564, -02803, -02875;
+04849, -03942, +26822, +04013, -02752, -02162;
+05199, -03547, +26156, +04262, -02795, -01262;
+05482, -03680, +25648, +05260, -03177, -00480;
+05788, -03639, +24974, +06737, -03943, +00125;
+06077, -03566, +23955, +08364, -04970, +00625;
+06134, -03049, +22810, +09484, -05850, +00998;
+06245, -02992, +21917, +10037, -06595, +01703;
+05958, -03187, +21420, +10162, -07157, +02459;
+05491, -03205, +21069, +10087, -07495, +02813;
+05017, -03167, +20591, +09872, -07475, +03005;
+04608, -03565, +20215, +09533, -07437, +03377;
+04304, -03706, +19917, +09798, -07257, +04020;
+04040, -03920, +20236, +09902, -06982, +04581;
+03608, -03453, +19962, +09754, -06546, +05230;
+03625, -03426, +19364, +09530, -06068, +05829;
+03615, -03393, +19003, +09324, -05818, +06383;
+03447, -03388, +18785, +09113, -05818, +06775;
+03263, -03461, +18532, +09295, -06360, +06686;
+02992, -03649, +18213, +09344, -06830, +06795;
+03100, -03922, +17746, +09389, -07115, +06770;
+02783, -03746, +17593, +09566, -07286, +06500;
+02439, -03830, +17842, +09790, -07361, +06156;
+02046, -04105, +17703, +09697, -07536, +06094;
+01782, -03969, +17189, +09603, -07641, +06370;
+01705, -04005, +16813, +09314, -07636, +06771;
+01606, -03670, +16614, +08762, -07278, +07221;
+01433, -03500, +16408, +07924, -06970, +07530;
+00954, -03323, +16114, +08260, -06581, +07537;
+00666, -04129, +16803, +09156, -06089, +07116;
+00105, -04654, +17294, +09476, -05460, +06837;
-00199, -04740, +17053, +09469, -04868, +06737;
-00644, -04505, +16647, +09342, -04093, +06575;
-00855, -04480, +16116, +09261, -03458, +06358;
-01119, -04728, +16122, +09221, -02896, +06314;
-01124, -04896, +15729, +09406, -02516, +06201;
-01236, -04947, +15401, +09155, -02214, +06164;
-01084, -04850, +14332, +08512, -01908, +06552;
-01053, -04699, +13638, +08223, -01412, +06953;
-01219, -04955, +13540, +08017, -00500, +07077;
-01528, -05036, +13611, +07506, +00696, +07029;
-01833, -05364, +13551, +07210, +01490, +06922;
-02309, -06044, +13572, +06911, +01868, +06773;
-02488, -06239, +13068, +06615, +01755, +06658;
-02627, -06173, +12257, +06747, +01450, +06551;
-02637, -06451, +11812, +06731, +01149, +06440;
-02767, -06298, +11518, +06445, +00942, +06301;
-02855, -06303, +11409, +06290, +01035, +06172;
-02994, -06601, +11511, +06015, +01584, +06244;
-03233, -06762, +11574, +05829, +02405, +06476;
-03519, -06763, +12105, +05488, +03356, +06760;
-03793, -06738, +12215, +04429, +04478, +06860;
-04328, -06639, +12029, +03755, +05256, +06677;
-04864, -07054, +12097, +03754, +05438, +06352;
-05176, -07698, +12316, +03583, +05514, +05812;
-05248, -07840, +12078, +03216, +05605, +05377;
-05290, -07682, +11792, +03130, +05697, +05000;
-05338, -07860, +12046, +03025, +05597, +04757;
-05114, -07707, +12070, +02772, +05329, +04603;
-05030, -07233, +11705, +02518, +05133, +04569;
-04890, -07159, +11617, +02148, +05318, +04285;
-04930, -07108, +11937, +01613, +05994, +03728;
-05046, -07436, +12136, +00952, +06852, +03214;
-05130, -07885, +12202, +00279, +07898, +02777;
-04934, -07864, +12196, -00396, +08534, +02551;
-04516, -07697, +12271, -00842, +08651, +02745;
-03954, -07499, +12307, -01153, +08385, +02877;
-03527, -07054, +12181, -01010, +07990, +03046;
-03176, -06973, +12124, -01366, +07538, +03175;
-03121, -06911, +11787, -01881, +07171, +03323;
-02992, -06776, +11316, -02335, +07274, +03144;
-03205, -06994, +11440, -02786, +07831, +02853;
-03209, -07428, +11656, -03519, +08352, +02616;
-03283, -07456, +11723, -04449, +08453, +02724;
-03294, -07167, +11640, -05144, +08180, +02743;
-03315, -06789, +11600, -05392, +07695, +02900;
-03205, -06793, +11773, -06083, +07101, +03135;
-03296, -06521, +11694, -06940, +06797, +03340;
-03529, -06088, +11645, -07417, +06812, +03230;
-03969, -06515, +12319, -07766, +06955, +02851;
-04429, -06798, +12859, -08270, +07481, +02288;
-04727, -07118, +13164, -08236, +08018, +01403;
-04921, -07505, +13423, -08524, +07926, +00479;
-04898, -07562, +13428, -09186, +07357, -00133;
-04337, -07263, +13251, -09780, +06357, -00245;
-03754, -07321, +13394, -10244, +05563, -00382;
-03496, -06439, +13347, -11216, +05119, -00271;
-03382, -05668, +13132, -11538, +05041, -00322;
-03464, -05436, +13979, -11486, +05296, -00689;
-03624, -05408, +15193, -11640, +05783, -01282;
-03652, -05637, +15932, -11962, +06294, -01945;
-03777, -05750, +16388, -12375, +06601, -02361;
-03572, -05587, +16506, -12768, +06563, -02734;
-03152, -05251, +16665, -12642, +06105, -03005;
-02609, -05090, +16946, -12315, +05437, -02936;
-02325, -04761, +17116, -12259, +04603, -02947;
-02206, -03957, +16771, -12756, +03890, -02858;
-02262, -03137, +16485, -12862, +03518, -03016;
-02542, -03408, +16998, -12619, +03632, -03311;
-02892, -03425, +17898, -12442, +03993, -03824;
-03203, -03675, +18766, -13895, +07792, -04045;
-03556, -03920, +19736, -12757, +06210, -05046;
-03738, -03864, +20261, -11276, +05694, -05554;
-03427, -03710, +21316, -10478, +05414, -05772;
-02965, -03185, +20624, -09560, +05331, -06258;
-02146, -02586, +20698, -09481, +05060, -06655;
-01725, -02820, +20728, -10293, +04360, -06777;
-01369, -02302, +19857, -11058, +03386, -06561;
-00906, -02409, +19580, -11688, +02357, -06733;
-00312, -02192, +19862, -09568, +01400, -06531;
+00063, -01730, +20125, -05902, +00938, -06975;
+00081, -01674, +20286, -01494, +00550, -07257;
+00460, -00880, +20598, +00021, +00050, -07485;
+01004, -00585, +21435, +00112, -00321, -07383;
+01094, -00577, +22120, -00812, +00264, -07558;
+01003, -01154, +22319, -00931, -00061, -08580;
+01203, -01679, +22267, -02268, -00211, -07799;
+01205, -02304, +23258, -02722, -00316, -07729;
+01359, -02670, +23158, -02767, -00702, -07390;
+00905, -02249, +23482, -03509, -00860, -06675;
+01111, -02000, +22960, -04615, -00925, -05715;
+01163, -02046, +22721, -04773, -00817, -05665;
+01128, -02225, +22669, -06280, -00519, -05681;
+01112, -02167, +22121, -15611, -00723, -03429;
+01075, -02184, +21714, -15151, -01146, -03405;
+00872, -03146, +21425, -11262, -02024, -03514;
+00641, -03293, +19299, -01692, -02294, -06978;
+01780, +00345, +17487, +02103, -03013, -06372;
+02075, -01115, +18150, -00597, -02354, -06336;
+01263, +00004, +20177, -01947, -02131, -06120;
+00329, -00988, +22273, -02541, -02344, -05599;
+01080, -00987, +20360, -02051, -02747, -05251;
+01009, +00002, +20132, -00647, -02875, -05648;
+01141, -00084, +21035, -00229, -02721, -05781;
+01064, -00122, +21410, -00830, -02291, -05582;
+00761, -00312, +21555, -00840, -02241, -05386;
+00567, -00228, +21606, -00686, -02339, -05004;
+00803, -00077, +21215, -00343, -02434, -04665;
+01121, -00193, +20748, +00064, -02592, -04458;
+01098, -00072, +20612, +00168, -02661, -04466;
+00984, -00309, +20358, +00201, -02902, -04658;
+00650, -00485, +20126, +00585, -03280, -04761;
+00332, -00821, +20246, +00903, -03516, -04947;
+00101, -01076, +20242, +00805, -03645, -05098;
-00064, -01084, +19957, +00753, -03458, -05339;
-00345, -01336, +19731, +00618, -03250, -05439;
-00521, -01411, +19703, +00859, -03124, -05684;
-00607, -01605, +19797, +01350, -03137, -05819;
-00626, -01571, +19896, +01653, -03251, -05916;
-00555, -01596, +19615, +02009, -03705, -06014;
-00567, -01551, +19264, +02190, -04066, -06100;
-00564, -01689, +18746, +01863, -04259, -06147;
-00580, -01709, +18143, +01610, -04315, -06246;
-00716, -01902, +18046, +01481, -04286, -06364;
-00883, -01890, +18022, +01558, -04100, -06554;
-01095, -01956, +18271, +01901, -03896, -06861;
-01264, -02143, +18877, +01984, -03567, -07077;
Received a total of 8 frames
+01725, -01377, +17310, +04491, +02836, +00297;
+01459, -01565, +16906, +04482, +02972, +00435;
+01292, -01471, +16684, +04245, +03049, +00560;
+01467, -01482, +16207, +03771, +03543, +00836;
+01620, -01758, +15845, +03166, +04340, +01206;
+01509, -01977, +15722, +02672, +05078, +01633;
+01301, -01917, +15837, +02046, +05779, +02064;
+01248, -01821, +16073, +01148, +06524, +02421;
+01320, -01883, +16059, +00163, +07213, +02631;
+01227, -02009, +15976, -00706, +07620, +02877;
+00932, -02231, +15828, -01318, +07756, +03111;
+00677, -02413, +15742, -01647, +07834, +03232;
+00660, -02514, +15754, -01750, +07671, +03323;
+00694, -02627, +15780, -01297, +07455, +03422;
+00842, -02789, +15719, -00677, +07053, +03590;
+01259, -02536, +15480, +00098, +06665, +03776;
+01289, -02363, +15339, +00292, +06298, +03998;
+01332, -02477, +15368, +00094, +05544, +03699;
+00773, -02395, +14960, -00353, +05239, +03408;
+01901, -02178, +15830, -00689, +05215, +03141;
+01839, -03303, +15513, -01133, +05063, +02787;
+00804, -03155, +15572, -01433, +04668, +02399;
+00557, -03373, +15363, -01420, +04384, +01866;
+00486, -03574, +15759, -01552, +04126, +01364;
+02493, -01347, +18800, +00127, -00698, -00841;
+02413, -01281, +18669, +00817, -01097, -00590;
+02425, -00920, +18474, +01132, -01321, -00353;
+02682, -01041, +18444, +01288, -01415, -00255;
+02690, -01242, +18577, +01556, -01547, -00088;
+02715, -01368, +18574, +01581, -01569, -00002;
+02561, -01375, +18547, +01578, -01611, +00002;
+02512, -01734, +18538, +01463, -01474, -00004;
+02453, -01772, +18451, +00823, -00902, -00112;
+02369, -01716, +18653, +00259, -00273, +00084;
+02315, -01796, +18774, -00286, +00476, +00262;
+02238, -01692, +18917, -00798, +00938, +00352;
+02242, -01607, +18719, -00943, +01028, +00357;
+02353, -01783, +18559, -00624, +00773, +00275;
+02325, -01653, +18187, -00005, +00128, +00194;
+02447, -01633, +17812, +00512, -00445, +00117;
+02630, -01476, +17791, +00661, -00884, +00176;
+02517, -01497, +17702, +01039, -01084, +00151;
+02289, -01582, +18010, +00781, -00944, +00143;
+02302, -01605, +18092, +00254, -00737, +00414;
+02214, -01573, +18214, +00053, -00318, +00476;
+02010, -01505, +18318, -00011, -00140, +00523;
+02055, -01455, +18148, -00138, -00054, +00642;
+02127, -01421, +18229, -00165, +00031, +00736;
+02011, -01579, +18337, -00402, +00289, +00831;
+01921, -01443, +18412, -00416, +00485, +00684;
+01679, -01690, +18384, -00029, +00446, +00452;
+01879, -01809, +18149, -00214, +00285, +00432;
+01686, -01689, +18097, +00094, -00040, +00195;
+01754, -01923, +17907, +00228, -00247, +00072;
+01785, -01691, +17705, +00393, -00357, -00091;
+01730, -01713, +17883, +00538, -00486, -00013;
+01579, -01763, +18169, +00761, -00497, -00188;
+01393, -01761, +18586, +01070, -00610, -00490;
+01576, -02036, +18456, +00972, -00310, -00363;
+01626, -02185, +18525, +00822, +00230, -00437;
+01280, -01849, +18679, +00401, +00859, -00293;
+01600, -02323, +19042, +00090, +01250, +00096;
+01421, -01983, +19470, -00006, +01430, +00257;
+01395, -02101, +19683, +00204, +01509, +00213;
+01250, -02035, +19838, +01108, +01442, -00392;
+00872, -02634, +20099, +02002, +01238, -00894;
+00944, -03039, +19850, +02580, +00918, -01147;
+00895, -03105, +19735, +02698, +00642, -01180;
+01061, -02894, +19853, +02576, +00289, -01124;
+01125, -03177, +19795, +02339, +00043, -00762;
+01592, -03229, +19769, +02108, +00063, -00396;
+01735, -03281, +20193, +01985, +00115, -00183;
+01769, -03358, +20560, +02363, +00176, -00229;
+01668, -03850, +21099, +03057, +00045, -00523;
+01561, -04112, +21270, +04020, -00032, -01028;
+01597, -04251, +21566, +05171, -00112, -01753;
+01346, -04530, +21883, +06413, -00478, -02392;
+01276, -05105, +22076, +06984, -00950, -02420;
+01586, -04914, +21748, +06645, -01349, -01829;
+02104, -04578, +21330, +05756, -01466, -00908;
+02578, -03974, +20889, +04549, -01291, -00157;
+02845, -03679, +20578, +02928, -00901, +00500;
+03281, -03791, +20318, +01819, -00453, +00783;
+03196, -04060, +20625, +01863, +00031, +00492;
+02904, -04640, +21020, +02624, +00130, -00014;
+02813, -05106, +21148, +03752, -00130, -00392;
+02860, -05103, +20959, +05029, -00728, -00545;
+02904, -04888, +20489, +06029, -01582, -00422;
+03156, -04414, +19826, +06496, -02385, -00055;
+03442, -03900, +19016, +06808, -02889, +00769;
+03783, -03539, +18517, +07040, -03019, +01585;
+03891, -03277, +18534, +06585, -02712, +02119;
+03661, -03133, +18391, +06090, -02195, +02504;
+03364, -03630, +18353, +05502, -01393, +02558;
+02992, -04178, +18501, +04771, -00596, +02515;
+02725, -04450, +18546, +04296, +00016, +02324;
+02493, -04767, +18575, +04044, +00577, +02207;
+02449, -04877, +18320, +03860, +00883, +02205;
+02475, -04944, +18370, +03983, +00545, +02362;
+02603, -04842, +18086, +04094, -00173, +02876;
+03158, -04805, +17411, +04595, -01108, +03664;
+03597, -04706, +17066, +05049, -01992, +04424;
+03888, -04401, +16717, +04900, -02674, +04895;
+03834, -04393, +16543, +04612, -03077, +05003;
+03515, -04686, +16584, +04401, -03038, +04722;
+03094, -05380, +17049, +04459, -02780, +04398;
+02470, -05746, +17558, +04605, -02576, +04074;
+01950, -05816, +17822, +04551, -02320, +04229;
+02104, -05668, +17797, +04439, -02174, +04715;
+02345, -05290, +17835, +04383, -02044, +05099;
+02623, -04977, +17585, +04307, -01931, +05471;
+02981, -04957, +17211, +04333, -02244, +05745;
+03174, -05140, +17163, +03990, -02919, +06059;
+03376, -04965, +16533, +04331, -03813, +06287;
+03439, -04976, +16390, +04738, -04634, +06212;
+03213, -04779, +16394, +04981, -05159, +06190;
+03111, -04646, +16250, +05360, -05108, +06329;
+03059, -04843, +16868, +05581, -04637, +06422;
+02871, -04840, +17195, +05453, -04163, +06815;
+02878, -04744, +17214, +05131, -03715, +07043;
+02809, -04768, +17004, +04640, -03419, +07282;
+02734, -04733, +16351, +04727, -03211, +07618;
+02752, -05197, +16144, +05153, -02978, +07946;
+02564, -05102, +16265, +05532, -03001, +08141;
+02545, -04859, +15967, +05808, -03169, +08344;
+02438, -04854, +15484, +05867, -03393, +08582;
+02198, -04949, +14946, +05753, -03321, +08389;
+01969, -04862, +14432, +05579, -03075, +08148;
+01679, -05189, +14297, +05605, -02595, +08035;
+01351, -05634, +14040, +05539, -01820, +08222;
+01191, -05544, +13740, +05121, -00953, +08412;
+01158, -05310, +13373, +04679, -00212, +08714;
+01271, -05252, +13004, +04560, +00289, +09027;
+01154, -05324, +12987, +04364, +00484, +09256;
+00852, -05234, +12805, +04010, +00629, +09345;
+00542, -05248, +12444, +03350, +00897, +09210;
-00299, -05390, +12096, +03307, +01101, +08873;
-00880, -05707, +12286, +03111, +01317, +08595;
-01239, -06001, +12275, +03181, +01533, +08282;
-01532, -05876, +12159, +03114, +02148, +08169;
-01563, -05809, +12069, +02914, +03069, +08163;
-01553, -05538, +11778, +02195, +04169, +08423;
-01489, -04867, +11449, +01490, +05504, +08539;
-01401, -04925, +11305, +00464, +06490, +08876;
-01464, -04729, +11018, -00535, +07132, +08893;
-01755, -04550, +10799, -01378, +07825, +08606;
-01976, -04699, +10525, -02214, +08571, +08117;
-02370, -04887, +10624, -02687, +08954, +07711;
-03040, -04925, +10895, -03055, +09034, +07408;
-03519, -04984, +11210, -03531, +09047, +07241;
-03542, -04996, +11370, -03852, +09177, +06960;
-03587, -04796, +11402, -04229, +09512, +06627;
-03699, -04856, +11634, -04926, +09997, +06332;
-03865, -04867, +11753, -05400, +10298, +06152;
-04108, -04800, +12300, -05605, +10542, +05775;
-04285, -04952, +12841, -05965, +10466, +05135;
-04711, -04932, +13305, -06712, +10298, +04803;
-04758, -05174, +12882, -07425, +10199, +04125;
-04961, -05312, +13041, -07994, +10226, +03353;
-05035, -05499, +13437, -08761, +10286, +02822;
-05012, -05621, +13722, -08757, +10141, +02325;
-05018, -05242, +14028, -08902, +09655, +01790;
-05253, -04785, +14467, -09532, +09356, +00867;
-05260, -04640, +14828, -09955, +09174, -00025;
-05562, -05011, +15680, -10182, +08855, -00944;
-05960, -05312, +16150, -09916, +08463, -01727;
-05868, -05074, +16598, -09475, +07868, -02520;
-05464, -04888, +17114, -09758, +07677, -03303;
-04883, -04476, +17190, -10154, +07609, -03951;
-04546, -04036, +17563, -10282, +07595, -04359;
-04284, -04023, +18101, -10825, +07908, -04416;
-03620, -03024, +18125, -11330, +08346, -04424;
-03152, -02794, +18641, -11421, +08559, -04457;
-02833, -02701, +19123, -11623, +08718, -04678;
-02387, -02479, +19165, -11291, +08761, -05075;
-02250, -02544, +19648, -10849, +08750, -05708;
-01802, -02690, +19852, -09854, +09084, -06589;
-01547, -02516, +20164, -08699, +09421, -07442;
-01545, -02519, +20576, -07234, +09270, -07724;
-01214, -02510, +20701, -06926, +09582, -07827;
-00621, -01839, +20509, -07738, +07908, -07744;
-00060, -00848, +19536, -10192, +06526, -07403;
+00980, -00029, +16799, -11257, +05194, -06960;
+01456, +00050, +16544, -11129, +04205, -06811;
+01837, -00338, +17901, -10305, +03511, -06888;
+01692, -00260, +18982, -08892, +02968, -07050;
+01793, -00455, +20072, -07702, +02400, -07024;
+01688, -00409, +20514, -07236, +01911, -07164;
+01825, -00278, +20511, -06976, +01701, -07497;
+01926, -00272, +20568, -06913, +01665, -07370;
+02162, -00457, +20491, -04109, +01127, -08134;
+01868, -00732, +20320, -05527, +01035, -07885;
+02004, +00391, +18930, -05539, -00012, -07978;
+03085, -00101, +19467, -09222, -01215, -07085;
+02940, -00231, +19870, -07207, -01879, -07489;
+03234, -00266, +20127, -08307, -02299, -08300;
+02800, -00325, +20080, -09606, -01762, -08230;
+03150, -00518, +20853, -06529, -01987, -09385;
+02300, -01745, +21960, -04954, -01917, -09480;
+02697, -00269, +20856, -02031, -01370, -09471;
+03470, +00078, +20639, -00949, -02041, -09511;
+03289, -00664, +21889, -03685, -01999, -08367;
+04048, +01494, +21957, -03710, -02274, -08057;
+03902, -00132, +22849, -03311, -02800, -08179;
+03758, +00498, +21829, -02602, -04238, -08205;
+03549, +00368, +21408, -01335, -05701, -08475;
+03626, -00414, +21756, -00186, -06517, -08829;
+03543, -00200, +21321, +00423, -06521, -09159;
+03394, -00178, +21326, +00633, -05666, -09403;
+03074, -00382, +22015, +00530, -04615, -09462;
+02931, -00460, +22758, +00519, -03820, -09057;
+03015, -00257, +23129, +00725, -03349, -08703;
+03088, -00277, +23141, +00734, -03155, -08273;
+03295, +00214, +23044, +01131, -03255, -08093;
+03339, +00289, +22805, +01580, -03531, -08069;
+03298, +00187, +22411, +01969, -03792, -08198;