-00517, -01921, +17886, +02952, -03178, -05796;
-00201, -01780, +17815, +03824, -03208, -07428;
+00568, -01463, +18356, +04267, -02936, -08858;
+01280, -00628, +18132, +04094, -02840, -09664;
+02032, -00608, +18255, +04158, -02682, -10217;
+02372, -00404, +17963, +03478, -02640, -09844;
+02829, -00435, +17920, +03113, -02745, -09481;
+02571, -00106, +17962, +02247, -03102, -09094;
+02361, -00112, +18236, +01413, -03146, -08435;
+01768, -00337, +18460, +00691, -03316, -07882;
+01484, -00909, +18706, +00432, -03238, -07708;
+02070, -01279, +18398, +00800, -02768, -07998;
+02189, -01236, +17691, +01074, -02602, -08203;
+02722, -00965, +17672, +02164, -02468, -09058;
+03154, -00810, +17727, +02935, -02566, -09307;
+03448, -00797, +18054, +03453, -02713, -09163;
+03693, -00789, +18009, +03635, -02898, -09062;
+03842, -00793, +17764, +04255, -02729, -08514;
+04291, -00684, +17452, +04364, -02532, -08306;
+04203, -00945, +17339, +04514, -02296, -08183;
+03839, -01276, +17676, +04039, -02119, -07976;
+04071, -01351, +17935, +02756, -01841, -07694;
+04254, -00991, +17903, +02016, -01505, -07564;
+04527, -00788, +17835, +01661, -01109, -07322;
+04816, -00591, +17845, +01561, -00687, -06901;
+04851, -00527, +17724, +01477, -00513, -06380;
+05279, -00396, +17102, +01273, -00123, -05524;
+05457, -00568, +16815, +01694, -00012, -04896;
+05369, -00989, +16755, +01966, -00152, -04484;
+05743, -00916, +16480, +01563, -00021, -03928;
+05776, -00890, +16704, +01144, +00252, -03266;
+06151, -00968, +16508, +00448, +00811, -02295;
+06613, -00876, +15997, -00449, +01357, -01259;
+07107, -00891, +15600, -01222, +01848, -00296;
+07457, -00796, +15476, -01762, +02242, +00611;
+07622, -00942, +15458, -02488, +02679, +01576;
+07741, -01291, +15269, -03333, +03004, +02414;
+07682, -01134, +15268, -04029, +03010, +03125;
+07523, -01328, +15531, -04680, +02944, +03786;
+07331, -01757, +15923, -05733, +02766, +04384;
+07113, -01427, +16060, -06991, +02710, +04998;
+06852, -01726, +16183, -06556, +02571, +05185;
+06633, -01848, +16278, -05654, +02250, +05090;
+06272, -01785, +16596, -04973, +01814, +05063;
+06066, -01531, +16942, -04906, +01567, +05317;
+05845, -01145, +17232, -04855, +01683, +05671;
+06038, -00430, +16700, -05101, +02257, +06313;
+06550, -00287, +16228, -05232, +02777, +07144;
+06892, +00111, +16417, -05538, +03076, +07853;
+06682, +00730, +17015, -06246, +03288, +08777;
+06852, +00621, +17524, -06930, +03344, +09558;
+06629, +01168, +18362, -07426, +02947, +10676;
+05909, +01213, +19133, -07604, +02381, +11619;
+05200, +00955, +19450, -07016, +02093, +12354;
+04702, +00668, +19453, -05994, +02020, +12481;
+04555, +00617, +19149, -05009, +01935, +12226;
+04173, +00756, +18829, -04181, +01583, +12090;
+02581, +00883, +19157, -03479, +01109, +11986;
+03914, +00485, +18803, -03929, +01498, +13265;
+02405, +00427, +19047, -03185, +00038, +12426;
+01464, +00232, +19408, -03178, -00736, +13019;
+00592, -00474, +20052, -02767, -00843, +13405;
-00331, -00483, +20849, -02287, -00280, +13294;
-00084, -00697, +21027, -02518, +00738, +13133;
-00242, -00116, +21532, -02707, +01530, +12429;
-00034, +00329, +21648, -02928, +02272, +11687;
+00523, +01142, +21844, -02710, +02690, +10752;
+01438, +02012, +21566, -02135, +02549, +10243;
+01816, +02305, +21662, -00784, +01543, +10145;
+01911, +02485, +21931, +00098, +00244, +10650;
+00938, +02106, +22489, +00880, -01332, +11221;
+00022, +01361, +23360, +01681, -01906, +11772;
-01078, +00570, +24120, +02524, -01709, +11598;
-02013, -00064, +24249, +03010, -01046, +10978;
-02188, -00319, +24360, +03382, +00069, +10152;
-02509, -00222, +24291, +03687, +00566, +09148;
-02500, -00144, +23870, +04130, +00496, +08797;
-02796, -00323, +23981, +05145, -00130, +08281;
-03664, -00300, +24118, +06443, -01083, +08037;
-04580, -01021, +24688, +07804, -02088, +07926;
-05611, -01620, +25170, +08851, -02707, +07385;
-06590, -02066, +25338, +09807, -02875, +06809;
-07369, -02748, +25032, +10601, -02750, +06258;
-07999, -03207, +24154, +11337, -02695, +05326;
-08605, -03575, +23260, +12102, -02919, +04235;
-08688, -04093, +22194, +13038, -03305, +02848;
-08695, -04218, +20704, +14131, -03858, +01354;
-08401, -04727, +19486, +14852, -04564, +00006;
-08389, -05305, +18692, +14923, -05233, -01333;
-07968, -05500, +17894, +14520, -05056, -02937;
-07385, -05634, +17402, +13775, -04553, -04567;
-06630, -05368, +17348, +12326, -03733, -06112;
-05786, -04612, +17136, +10541, -02695, -07213;
-04781, -03829, +16781, +09420, -02160, -07761;
-04009, -03495, +16852, +08935, -02067, -07942;
-03438, -03255, +16742, +08932, -02253, -08099;
-02898, -03043, +16308, +09307, -02603, -08364;
-02695, -02981, +15804, +09469, -03340, -08596;
-02712, -03430, +16108, +09069, -04086, -08830;
-02976, -03965, +16435, +08494, -04579, -09304;
-02790, -04034, +16091, +08484, -04607, -10023;
-02392, -04266, +15695, +09173, -05087, -11079;
-02258, -04238, +15555, +09392, -05510, -11842;
-01964, -04269, +15471, +09458, -05706, -12615;
-01526, -03873, +15143, +09291, -05549, -13212;
-00789, -03554, +14668, +08923, -05104, -13530;
+00009, -03361, +14345, +08274, -04820, -13688;
+00725, -03197, +13925, +07679, -04739, -13578;
+01241, -02942, +13170, +07408, -04885, -13395;
+01727, -03111, +12466, +07112, -05249, -13057;
+01989, -03376, +12310, +06290, -05562, -12805;
+01927, -03683, +11884, +05520, -05711, -12690;
+01876, -04316, +11425, +04838, -05618, -12818;
+02001, -04645, +11345, +03772, -05413, -13329;
+02623, -04332, +11412, +02790, -05149, -13911;
+03304, -03925, +11309, +01988, -04964, -14038;
+03946, -03694, +10830, +01627, -04912, -13773;
+04129, -03799, +10510, +01458, -05072, -13265;
+04298, -04180, +10285, +00782, -05063, -12584;
+04458, -04368, +09668, -00013, -05065, -11961;
+04670, -04795, +08983, -00600, -05300, -11484;
+04862, -05467, +08806, -01484, -05748, -11210;
+04827, -05737, +08949, -02656, -05973, -11219;
+05054, -05493, +09176, -03834, -05731, -11264;
+05588, -05336, +09531, -05244, -04976, -11320;
+06432, -04768, +09795, -06856, -03935, -11260;
+07442, -04028, +09961, -08223, -02949, -10768;
+08437, -03483, +09844, -09201, -02352, -09872;
+09075, -02900, +09876, -09896, -02305, -08821;
+09458, -02199, +10688, -10775, -02409, -07850;
+09851, -01501, +11810, -11859, -02545, -06848;
+10027, -00482, +13138, -12611, -02290, -05802;
+10964, +00242, +14139, -13420, -01162, -04543;
+12170, +01432, +14336, -14545, -00627, -03120;
+13264, +02852, +14370, -15148, -00968, -01321;
+13906, +03714, +15213, -15419, -01412, +00977;
+14075, +04231, +15741, -15734, -01771, +03968;
+13368, +05775, +16382, -14909, -02582, +06705;
+13441, +06156, +16687, -15008, -02560, +10930;
+12418, +04920, +16571, -14998, -03231, +14679;
+10453, +05378, +15693, -17278, -04463, +17848;
+08458, +04801, +16156, -16494, -05117, +20370;
+05819, +04161, +18247, -14051, -05942, +21954;
+03856, +03285, +20245, -13358, -06592, +23290;
+00971, +02543, +20864, -14087, -06731, +24288;
-00685, +01295, +20479, -14249, -06653, +24547;
-04293, +00971, +21961, -13779, -07521, +24158;
-07359, -00426, +23809, -14765, -08037, +24227;
-11625, -01786, +26246, -13794, -08686, +23844;
-15791, -04679, +28238, -11514, -09219, +22457;
-18816, -08532, +29860, -09320, -08701, +19523;
-23656, -10694, +30066, -05043, -09018, +14319;
-25065, -13315, +32245, -03928, -06132, +08708;
-23564, -13445, +28951, -01919, -02759, +03018;
-22602, -13765, +28919, -04962, +00426, -03293;
-20744, -12771, +27640, -00467, +01571, -09151;
-17321, -10223, +24206, -00404, +03463, -12748;
-15216, -08337, +25275, +00530, +05480, -16114;
-11150, -06767, +24009, +02407, +07351, -19022;
-07176, -06305, +23435, +02307, +08488, -20864;
-05056, -05907, +22357, +01955, +08975, -23924;
-03339, -03072, +21417, +00799, +09209, -26034;
-01439, -00172, +20908, +01925, +09695, -27642;
+02002, +00346, +21136, +04334, +10018, -28349;
+04216, +02013, +20100, +05487, +08466, -28141;
+06344, +03149, +20215, +06355, +07375, -27861;
+07892, +04285, +19325, +06839, +05950, -26572;
+09059, +04964, +18935, +07391, +04396, -24657;
+10017, +05175, +18936, +07353, +03394, -22495;
+10416, +05243, +18663, +07073, +02953, -20255;
+10450, +05140, +18260, +05889, +02863, -17912;
+10642, +05577, +17833, +04453, +03423, -14687;
+10821, +06089, +17037, +03331, +04264, -11495;
+11161, +06465, +16412, +03172, +05045, -08276;
+11153, +06762, +16001, +03066, +05619, -04679;
+11149, +06467, +15420, +02768, +05957, -00849;
+10237, +05234, +14720, +01882, +05662, +02916;
+10585, +06903, +12647, +00963, +05422, +06257;
+10013, +04757, +12934, +00409, +04719, +09889;
+10586, +06051, +10127, +00199, +01247, +13025;
+09599, +05154, +10691, +00886, -03093, +16561;
+07793, +04411, +12187, +00244, -05869, +20075;
+06030, +04129, +13295, +00034, -07646, +23408;
+03769, +03383, +14816, -00115, -08822, +25981;
+00668, +01166, +16994, -00606, -08542, +27356;
-01869, -00856, +18303, -01985, -06530, +27182;
-03487, -02253, +18758, -03051, -04050, +26058;
-04643, -03283, +19175, -03435, -01132, +24270;
-05877, -04247, +18113, -03800, -00850, +22610;
-08025, -05884, +20464, -03928, +02803, +20626;
-08907, -07121, +20113, -05302, +03706, +18329;
-09621, -07633, +19912, -05224, +04406, +15421;